amino_sequence,qubit_len,Depth,Gate_counts
FVFLVLLPLVSSQCVN,33,36,164
LTTRTQLPPAYTNSFT,32,35,159
RGVYYPDKVFRSSVLH,31,34,154
STQDLFLPFFSNVTWF,27,30,134
HAIHVSGTNGTKRFDN,27,30,134
PVLPFNDGVYFASTEK,27,30,134
SNIIRGWIFGTTLDSK,30,33,149
TQSLLIVNNATNVVIK,30,33,149
VCEFQFCNDPFLGVYY,22,25,109
HKNNKSWMESEFRVYS,23,26,114
SANNCTFEYVSQPFLM,25,28,124
DLEGKQGNFKNLREFV,25,28,124
FKNIDGYFKIYSKHTP,23,26,114
INLVRDLPQGFSALEP,32,35,159
LVDLPIGINITRFQTL,32,35,159
LALHRSYLTPGDSSSG,37,40,184
WTAGAAAYYVGYLQPR,28,31,139
TFLLKYNENGTITDAV,27,30,134
DCALDPLSETKCTLKS,30,33,149
FTVEKGIYQTSNFRVQ,26,29,129
PTESIVRFPNITNLCP,30,33,149
FGEVFNATRFASVYAW,26,29,129
NRKRISNCVADYSVLY,30,33,149
NSASFSTFKCYGVSPT,30,33,149
KLNDLCFTNVYADSFV,26,29,129
IRGDEVRQIAPGQTGK,29,32,144
IADYNYKLPDDFTGCV,24,27,119
IAWNSNNLDSKVGGNY,26,29,129
NYLYRLFRKSNLKPFE,29,32,144
RDISTEIYQAGSTPCN,29,32,144
GVEGFNCYFPLQSYGF,25,28,124
QPTNGVGYQPYRVVVL,29,32,144
SFELLHAPATVCGPKK,29,32,144
STNLVKNKCVNFNFNG,24,27,119
LTGTGVLTESNKKFLP,31,34,154
FQQFGRDIADTTDAVR,27,30,134
DPQTLEILDITPCSFG,29,32,144
GVSVITPGTNTSNQVA,31,34,154
VLYQDVNCTEVPVAIH,26,29,129
ADQLTPTWRVYSTGSN,30,33,149
VFQTRAGCLIGAEHVN,28,31,139
NSYECDIPIGAGICAS,28,31,139
YQTQTNSPRRARSVAS,34,37,169
QSIIAYTMSLGAENSV,30,33,149
AYSNNSIAIPTNFTIS,30,33,149
VTTEILPVSMTKTSVD,30,33,149
CTMYICGDSTECSNLL,27,30,134
LQYGSFCTQLNRALTG,31,34,154
IAVEQDKNTQEVFAQV,23,26,114
KQIYKTPPIKDFGGFN,23,26,114
FSQILPDPSKPSKRSF,32,35,159
IEDLLFNKVTLADAGF,28,31,139
IKQYGDCLGDIAARDL,28,31,139
ICAQKFNGLTVLPPLL,31,34,154
TDEMIAQYTSALLAGT,29,32,144
ITSGWTFGAGAALQIP,30,33,149
FAMQMAYRFNGIGVTQ,23,26,114
NVLYENQKLIANQFNS,25,28,124
AIGKIQDSLSSTASAL,35,38,174
GKLQDVVNQNAQALNT,26,29,129
LVKQLSSNFGAISSVL,35,38,174
NDILSRLDKVEAEVQI,29,32,144
DRLITGRLQSLQTYVT,34,37,169
QQLIRAAEIRASANLA,33,36,164
ATKMSECVLGQSKRVD,28,31,139
FCGKGYHLMSFPQSAP,26,29,129
HGVVFLHVTYVPAQEK,26,29,129
NFTTAPAICHDGKAHF,24,27,119
PREGVFVSNGTHWFVT,27,30,134
QRNFYEPQIITTDNTF,24,27,119
VSGNCDVVIGIVNNTV,28,31,139
YDPLQPELDSFKEELD,26,29,129
KYFKNHTSPDVDLGDI,25,28,124
SGINASVVNIQKEIDR,29,32,144
LNEVAKNLNESLIDLQ,29,32,144
ELGKYEQYIKWPWYIW,19,22,94
LGFIAGLIAIVMVTIM,29,32,144
LCCMTSCCSCLKGCCS,27,30,134
CGSCCKFDEDDSEPVL,25,28,124
KGVKLHYT,13,16,64
